idOG,week,idAno
1,10,565
4,10,566
78,11,566
78,11,567
4,10,568
4,12,568
71,13,568
4,10,569
78,11,569
71,13,569
4,14,569
6,10,570
78,11,570
4,12,570
4,14,570
7,11,571
71,13,571
4,15,571
8,10,572
52,11,572
4,14,572
4,16,572
4,17,572
9,10,573
78,12,573
62,13,573
4,15,573
52,11,574
4,12,574
13,13,574
72,14,574
4,16,574
4,18,574
66,10,575
9,12,575
71,13,575
4,14,575
75,15,575
4,17,575
58,19,575
9,13,576
83,14,576
68,15,576
6,16,576
4,18,576
72,20,576
9,14,577
4,15,577
78,16,577
14,10,578
68,11,578
9,15,578
27,16,578
78,17,578
77,11,579
78,12,579
9,16,579
16,10,580
15,11,580
68,13,580
66,10,581
78,11,581
49,12,581
4,14,581
72,10,582
51,11,582
4,12,582
68,15,582
9,19,582
4,12,583
78,16,583
71,13,584
78,17,584
14,10,585
4,14,585
21,11,586
13,19,586
4,15,587
13,20,587
4,10,588
78,11,588
78,11,589
4,18,589
24,10,590
78,11,590
4,12,590
60,19,590
4,10,591
78,11,591
17,13,591
28,10,592
78,11,592
4,12,592
78,11,593
4,12,593
71,13,593
4,15,593
29,11,594
28,12,594
71,13,594
4,16,594
4,10,595
28,13,595
71,14,595
4,15,595
4,17,595
98,10,596
78,11,596
4,12,596
42,13,596
28,14,596
66,15,596
4,16,596
4,18,596
31,12,597
71,13,597
66,14,597
73,16,597
4,17,597
34,10,598
31,13,598
30,14,598
66,17,598
4,18,598
72,20,598
35,10,599
34,11,599
58,19,599
36,10,600
4,15,600
4,10,601
36,11,601
4,16,601
4,17,601
4,10,602
51,11,602
71,13,602
32,16,602
4,18,602
35,10,603
49,11,603
4,14,603
49,12,604
4,15,604
32,18,604
4,16,605
67,10,606
41,11,606
36,16,606
4,10,607
51,11,607
4,10,608
78,11,608
4,12,608
71,13,608
4,15,608
4,18,608
43,11,609
78,12,609
17,13,609
39,16,609
4,12,610
71,13,610
4,14,610
41,15,610
71,13,611
4,15,611
41,16,611
4,18,611
4,10,612
4,16,612
41,17,612
58,19,612
35,10,613
78,11,613
4,15,613
4,17,613
50,10,614
78,11,614
4,18,614
4,10,615
50,11,615
4,12,615
60,19,615
78,11,616
50,12,616
71,13,616
58,19,616
72,20,616
78,11,617
50,13,617
4,14,617
4,10,618
49,11,618
71,13,618
4,14,618
4,15,618
48,16,618
55,10,619
51,11,619
49,12,619
50,15,619
49,16,619
55,11,620
71,13,620
66,15,620
50,16,620
49,12,621
17,13,621
4,14,621
4,16,621
50,17,621
58,10,622
4,14,622
4,17,622
50,18,622
1,10,623
58,11,623
4,18,623
50,19,623
4,10,624
78,11,624
58,19,624
72,20,624
60,11,625
59,12,625
62,10,626
4,12,626
71,13,626
63,10,627
62,11,627
17,13,627
6,14,627
78,11,628
72,12,628
4,12,629
66,10,630
71,13,630
4,10,631
4,12,631
63,14,631
4,18,631
60,19,631
4,10,632
78,11,632
69,12,632
65,13,632
4,15,632
62,16,632
58,19,632
78,11,633
30,12,633
69,13,633
65,14,633
4,16,633
58,19,633
72,20,633
78,11,634
4,12,634
71,13,634
66,14,634
4,15,634
4,17,634
4,10,635
4,12,635
71,13,635
4,14,635
66,15,635
4,18,635
4,10,636
4,12,636
71,13,636
4,14,636
4,15,636
73,16,636
58,19,636
4,10,637
78,11,637
4,12,637
71,13,637
81,14,637
4,15,637
4,16,637
66,17,637
78,11,638
4,12,638
71,13,638
4,14,638
4,15,638
4,16,638
4,17,638
66,18,638
4,12,639
71,13,639
4,14,639
4,16,639
4,17,639
68,18,639
69,19,639
78,11,640
4,14,640
4,15,640
4,17,640
4,18,640
58,19,640
42,20,640
4,14,641
4,18,641
58,19,641
72,20,641
4,10,642
78,11,642
4,15,642
66,17,642
58,19,642
72,20,642
78,11,643
4,12,643
4,16,643
4,18,643
72,20,643
4,12,644
71,13,644
4,17,644
4,18,644
71,13,645
9,16,645
4,18,645
58,19,645
4,14,646
4,17,646
58,19,646
72,20,646
8,10,647
4,12,647
4,18,647
72,20,647
71,13,648
4,16,648
4,17,648
4,14,649
4,17,649
4,18,649
72,20,649
4,12,650
4,15,650
4,18,650
71,13,651
83,14,651
72,20,651
87,11,652
4,14,652
83,15,652
4,10,653
87,12,653
83,16,653
78,11,654
83,17,654
83,18,655
83,19,656
87,16,657
87,17,658
87,18,659
4,18,661
4,10,662
78,11,663
107,10,671
78,11,672
110,11,675
