107,4.244673520129568,4.91866666666667,45.5183933333333
1,101.82816730695312,-97.7708116666667,30.267405
110,4.085791592753378,-1.67068884,48.11021287
11,5.063823725338391,5.84973,45.23978
13,4.987947402029632,-0.563196666666667,44.8340083333333
14,4.995098398608409,-0.580548333333333,44.8376666666667
15,4.994254449716556,-0.578986666666667,44.8375816666667
16,4.988191947118134,-0.575375,44.8424516666667
17,5.476837926519353,4.970835,44.0864116666667
18,14.248950324543594,16.56789,48.1155766666667
21,5.319022340323063,-0.791313333333333,44.5903633333333
23,4.996199595716341,-0.581763333333333,44.837185
24,4.994634613510863,-0.579528333333333,44.8375033333333
2,4.888708020587942,5.924435,45.5656516666667
25,4.996961751440681,-0.573768333333333,44.830495
26,4.631398688739217,6.09650333333333,46.1810266666667
27,4.556335729063336,5.44991166666667,45.5600383333333
28,4.047013628847861,4.91008333333333,45.7638216666667
29,4.068330858928964,4.89584833333333,45.7247266666667
30,5.784120437216447,4.404335,43.4868
31,6.971276486512349,6.71733,43.46435
32,5.017996209019951,5.51215833333333,45.0018516666667
34,4.040844216306259,4.90165333333333,45.7648833333333
35,4.084417645578242,4.9174,45.7214866666667
36,4.01909627875336,4.86185666666667,45.7605633333333
37,4.011054342527822,4.8799,45.7855733333333
38,4.016062983405606,4.87756333333333,45.7771983333333
39,4.224443595405328,5.36560833333333,45.941845
41,7.1529380023574305,7.266385,43.7039366666667
42,57.26864635562354,-46.8639016666667,19.5868616666667
43,4.098625054684688,5.05393333333333,45.8186333333333
4,39.49711438866274,-17.4476,14.7070666666667
44,4.074565913657051,4.92066,45.7368616666667
48,4.023855202481334,4.81402833333333,45.71658
49,4.025559576017901,4.89845333333333,45.782035
50,11.454272378330325,-5.74938833333333,40.7806133333333
51,7.2065515199751395,2.84966333333333,41.7014933333333
52,5.870758158895308,6.64047,44.8935316666667
53,7.818167718849163,6.27594333333333,42.1348466666667
54,4.010862881621537,4.87628333333333,45.782865
5,5.390286184250793,1.50593,43.564635
55,4.9522279014152515,6.41629333333333,46.0778133333333
58,12.2187711328242,14.4994983333333,50.0920683333333
59,39.38872637859175,-37.046425,48.4642166666667
60,4.019977415388817,4.86292166666667,45.76029
62,9.813134779388509,-6.42989333333333,53.29302
63,7.151931907757682,7.267145,43.7060466666667
65,4.044762687917479,4.91286833333333,45.76903
6,5.521713121052308,6.30296512,45.04497422
66,4.01514546838866,4.86623333333333,45.7691766666667
67,15.388283558822806,17.574275,46.7183333333333
68,10.073799217804966,4.37222166666667,58.7566866666667
69,5.774464122085059,2.98090833333333,43.1512133333333
70,4.038224712313111,4.894645,45.7625333333333
71,4.09593765616377,4.93398666666667,45.7201516666667
72,6.361231395742509,3.00407833333333,42.5635266666667
73,4.444349707935346,-1.886405,47.51532
7,5.050353142620577,5.79557,45.2069166666667
75,120.77566815149086,121.80525,31.1469433333333
77,4.7817969535805815,4.89342166666667,44.8470283333333
78,4.046182707450225,4.89902,45.7558316666667
81,4.028270839862766,4.87781333333333,45.7616666666667
83,22.43797778595756,15.13021,67.325655
84,4.014503174786298,4.87457,45.7767716666667
8,7.052962789782037,6.810095,43.434495
87,5.425242566211757,6.900455,45.9513766666667
89,4.026417552879868,4.87754833333333,45.7638383333333
9,10.277300274468972,11.25304,43.7733
98,4.239066761659379,4.92134833333333,45.5275116666667
